-0.09529781 0.20327336 5.6242785 
2.2723987 0.06636107 3099.2234 
1.2266772 -0.923844 600.84985 
0.18913811 -0.8409324 104.91875 
1.0778224 0.48712242 119.06116 
-1.3787044 1.7135997 1742.1328 
0.9117726 0.15153605 46.96235 
0.35373884 0.64308286 181.25137 
1.7025087 -1.7600386 2925.6094 
-0.91453207 -0.1085034 96.69819 
1.5110452 -0.2210396 644.1019 
-1.1682905 0.7575522 252.566 
-0.5834361 -1.069159 499.54803 
-1.111479 2.936408 7967.181 
-0.5355606 1.905142 3708.8472 
-1.2520916 1.292902 20.647728 
-0.7703823 -0.57630014 143.71043 
0.57298726 1.7903627 501.9272 
2.1367798 1.6321905 862.9254 
0.38581216 -1.7045693 2931.6611 
-0.52907145 -2.3798075 7254.3438 
0.4186889 -2.3109736 2966.1006 
-0.981622 -0.41234386 521.19073 
-2.6207929 0.6764742 3872.7212 
2.7759092 -1.7007133 10710.556 
-1.2615201 0.05818695 268.7655 
0.7449424 -1.2666528 449.21368 
1.4422077 2.4610646 4445.9097 
-2.6096945 1.5038571 3426.0222 
2.3488455 -0.5827714 4559.074 
-1.8956077 0.27369833 1117.6373 
1.7143832 -1.6992869 2874.9436 
1.5045524 2.3518343 813.42523 
-0.52230424 0.3966415 354.14642 
-0.5557292 2.1642873 1267.013 
0.075119376 -1.0039525 356.51062 
-0.6105707 1.3018173 292.07095 
-2.038478 -2.0897753 4333.11 
-1.2354486 -0.814034 561.0673 
0.6836833 -0.47887713 128.20923 
2.7877188 -0.31959683 6836.8794 
0.7989351 0.08122069 207.49829 
-0.72328556 -0.3601055 104.436264 
0.5288068 -2.5876756 6611.778 
2.325183 -0.3191768 3802.617 
-1.0325594 1.7052194 2641.906 
0.33107954 -0.56637436 52.132114 
0.9239443 -1.6191337 916.3542 
1.6377513 0.0698297 861.39307 
-0.12483716 1.8412645 494.15533 
1.3604584 1.6682234 914.78577 
-0.33829343 -2.3710074 7588.1274 
-1.5295827 -1.5078876 2812.9739 
-0.09093797 -2.443818 4351.921 
-0.1407035 -1.1987576 180.07492 
0.9433154 0.59607536 219.18288 
-2.8130774 0.53887045 5535.1235 
-0.7439684 -0.09424567 87.27637 
0.41356283 -0.949755 360.9879 
1.2262671 -0.2680993 457.99152 
-0.062076688 0.6495116 406.56854 
1.5131189 0.9199487 457.31305 
1.4177372 -2.0836296 2596.852 
0.78573686 0.39052534 31.918251 
-0.8311025 -0.55720925 178.81374 
0.567944 -0.3319947 526.9661 
1.3613439 1.5473146 1166.2162 
2.062602 -0.9408193 2705.8938 
0.20767254 -0.7739559 223.08035 
1.8202393 2.412786 4617.152 
0.43857282 0.12393111 561.9889 
1.7732995 -1.1171998 1985.4753 
0.3550313 0.2085228 3.0809894 
1.0302776 0.42237854 153.50304 
-0.26938248 0.54449147 57.562027 
-0.7159138 1.815828 932.49365 
0.21045166 -1.6528325 2012.5178 
1.9197998 -0.8094642 2034.5485 
-0.6685379 0.39550513 21.542658 
-1.0953923 -1.2709265 1492.7915 
1.8986288 -0.21948498 1545.5809 
2.1158943 -0.37385792 2615.8423 
-1.4660643 1.5378304 83.99599 
1.5330212 0.420462 540.62036 
-1.5789752 -0.5412324 1283.9744 
1.1181275 0.2054699 565.2859 
-0.43604833 -0.39834327 459.617 
-1.512722 -0.2753722 793.23285 
-1.4597164 -1.144599 1202.3618 
-2.3159347 -0.86039776 4015.8662 
2.346937 -0.72622275 3903.673 
0.3844927 0.7873889 730.4929 
0.41393638 -2.451967 6437.0503 
1.3681746 -0.7070199 933.65137 
-0.58844197 -0.52457374 724.18396 
-2.4173102 -0.9327591 4815.921 
-1.3725703 -1.0163882 970.88635 
1.9139289 -0.10236955 1447.5127 
-1.7180629 -0.6312164 1333.6398 
1.976548 -1.2529085 2817.192 
