-8.89756E-6 1.8978788E-5 5.2511547E-4 
2.121644E-4 6.1958567E-6 0.2893616 
1.1452974E-4 -8.6255466E-5 0.05609885 
1.7659038E-5 -7.8514364E-5 0.009795827 
1.006318E-4 4.5480592E-5 0.011116245 
-1.287239E-4 1.5999167E-4 0.1626557 
8.512841E-5 1.414829E-5 0.0043846793 
3.3027125E-5 6.004197E-5 0.016922686 
1.5895614E-4 -1.6432747E-4 0.27315196 
-8.5386055E-5 -1.0130511E-5 0.009028307 
1.4108E-4 -2.0637546E-5 0.060137115 
-1.0907842E-4 7.07295E-5 0.023581035 
-5.4473E-5 -9.982293E-5 0.04664072 
-1.03774175E-4 2.741602E-4 0.74386257 
-5.0003066E-5 1.7787518E-4 0.34627962 
-1.16902585E-4 1.2071288E-4 0.0019277924 
-7.192739E-5 -5.3806747E-5 0.013417645 
5.3497435E-5 1.6715871E-4 0.04686285 
1.9950223E-4 1.5239083E-4 0.080567755 
3.6021676E-5 -1.5914855E-4 0.273717 
-4.93972E-5 -2.2219271E-4 0.6773079 
3.909124E-5 -2.1576599E-4 0.27693248 
-9.1649956E-5 -3.849883E-5 0.04866141 
-2.4469252E-4 6.315958E-5 0.36157987 
2.5917508E-4 -1.5878852E-4 1.0 
-1.1778288E-4 5.4326733E-6 0.025093516 
6.9552174E-5 -1.182621E-4 0.04194121 
1.3465293E-4 2.2977935E-4 0.41509607 
-2.4365631E-4 1.4040888E-4 0.31987342 
2.1930193E-4 -5.4410943E-5 0.42566177 
-1.76985E-4 2.5554074E-5 0.104349144 
1.6006482E-4 -1.5865536E-4 0.26842153 
1.4047378E-4 2.1958098E-4 0.07594613 
-4.8765374E-5 3.7032765E-5 0.033065178 
-5.1886123E-5 2.020705E-4 0.11829572 
7.0135834E-6 -9.373487E-5 0.033285912 
-5.7006448E-5 1.21545265E-4 0.02726945 
-1.903242E-4 -1.9511362E-4 0.40456444 
-1.15348696E-4 -7.6002965E-5 0.05238452 
6.383266E-5 -4.4710763E-5 0.011970362 
2.602777E-4 -2.9839426E-5 0.638331 
7.459325E-5 7.583237E-6 0.019373251 
-6.753016E-5 -3.3621553E-5 0.00975078 
4.937249E-5 -2.416005E-4 0.61731416 
2.1709265E-4 -2.9800209E-5 0.35503453 
-9.6405776E-5 1.5920923E-4 0.24666376 
3.091152E-5 -5.2880016E-5 0.0048673586 
8.626483E-5 -1.5117177E-4 0.08555618 
1.5291003E-4 6.5197087E-6 0.08042469 
-1.1655526E-5 1.719112E-4 0.046137225 
1.2702034E-4 1.5575507E-4 0.08540974 
-3.158505E-5 -2.213711E-4 0.7084719 
-1.4281078E-4 -1.407852E-4 0.26263565 
-8.4905E-6 -2.2816913E-4 0.40632075 
-1.31369E-5 -1.11923015E-4 0.016812846 
8.807343E-5 5.5653076E-5 0.020464193 
-2.6264534E-4 5.031209E-5 0.51679146 
-6.946123E-5 -8.799326E-6 0.008148631 
3.861264E-5 -8.867467E-5 0.033703938 
1.1449146E-4 -2.5031317E-5 0.042760763 
-5.795842E-6 6.0642193E-5 0.037959613 
1.4127362E-4 8.589178E-5 0.042697415 
1.3236822E-4 -1.9453983E-4 0.24245727 
7.336098E-5 3.6461726E-5 0.0029800741 
-7.759658E-5 -5.202431E-5 0.016695093 
5.3026568E-5 -3.0996966E-5 0.049200635 
1.27103E-4 1.4446632E-4 0.10888475 
1.9257657E-4 -8.784038E-5 0.25263804 
1.9389521E-5 -7.226104E-5 0.020828083 
1.6994817E-4 2.2527178E-4 0.43108425 
4.0947718E-5 1.1570932E-5 0.052470565 
1.655656E-4 -1.04308296E-4 0.18537557 
3.3147797E-5 1.9468906E-5 2.8765915E-4 
9.619273E-5 3.9435727E-5 0.01433194 
-2.5151121E-5 5.08369E-5 0.005374327 
-6.684189E-5 1.695363E-4 0.08706305 
1.9648996E-5 -1.5431808E-4 0.18790041 
1.7924371E-4 -7.55763E-5 0.18995732 
-6.24186E-5 3.6926667E-5 0.0020113483 
-1.0227222E-4 -1.1866111E-4 0.13937573 
1.7726707E-4 -2.04924E-5 0.14430445 
1.9755225E-4 -3.490556E-5 0.2442303 
-1.3688032E-4 1.4358082E-4 0.007842355 
1.4313181E-4 3.925679E-5 0.050475474 
-1.4742234E-4 -5.0532617E-5 0.11987934 
1.0439491E-4 1.918387E-5 0.05277839 
-4.0712017E-5 -3.7191654E-5 0.042912528 
-1.4123655E-4 -2.5710357E-5 0.07406085 
-1.3628765E-4 -1.0686644E-4 0.112259515 
-2.1622918E-4 -8.033176E-5 0.37494472 
2.1912373E-4 -6.7804394E-5 0.3644697 
3.5898483E-5 7.351523E-5 0.068203084 
3.8647515E-5 -2.2892996E-4 0.6010006 
1.2774076E-4 -6.601151E-5 0.087171145 
-5.4940378E-5 -4.897727E-5 0.06761404 
-2.256942E-4 -8.7087836E-5 0.44964248 
-1.2815118E-4 -9.4895935E-5 0.090647615 
1.7869557E-4 -9.557819E-6 0.13514824 
-1.6040838E-4 -5.893405E-5 0.1245164 
1.8454205E-4 -1.1697885E-4 0.2630295 
